  1).	    0.000   0.000   0.000     0.000 
  2).	    0.000   0.000   0.000     0.000 
  3).	    0.000   0.000   0.000     0.000 
  4).	    0.000   0.000   0.000     0.000 
  5).	    0.000   0.000   0.000     0.000 
  6).	    0.000   0.000   0.000     0.000 
  7).	    0.000   0.000   0.000     0.000 
  8).	    0.000   0.000   0.000     0.000 
  9).	    0.000   0.000   0.000     0.000 
  10).	    0.000   0.000   0.000     0.000 
  11).	    0.000   0.000   0.000     0.000 
  12).	    0.000   0.000   0.000     0.000 
  13).	    0.000   0.000   0.000     0.000 
  14).	    0.000   0.000   0.000     0.000 
  15).	    0.000   0.000   0.000     0.000 
  16).	    0.000   0.000   0.000     0.000 
  17).	    0.000   0.000   0.000     0.000 
  18).	    0.000   0.000   0.000     0.000 
  19).	    0.000   0.000   0.000     0.000 
  20).	    0.000   0.000   0.000     0.000 
  21).	    0.000   0.000   0.000     0.000 
  22).	    0.000   0.000   0.000     0.000 
  23).	    0.000   0.000   0.000     0.000 
  24).	    0.000   0.000   0.000     0.000 
  25).	    0.000   0.000   0.000     0.000 
  26).	    0.000   0.000   0.000     0.000 
  27).	    0.000   0.000   0.000     0.000 
  28).	    0.000   0.000   0.000     0.000 
  29).	    0.000  15.000   0.000     0.000 
  30).	    0.000   0.000   0.000     0.000 
  31).	    0.000   0.000   0.000     0.000 
  32).	    0.000   0.000   0.000     0.000 
  33).	    0.000   0.000   0.000     0.000 
  34).	    0.000   0.000   0.000     0.000 
  35).	    0.000   0.000   0.000     0.000 
  36).	    0.000   0.000   0.000     0.000 
  37).	    0.000   0.000   0.000     0.000 
  38).	    0.000   0.000   0.000     0.000 
  39).	    0.000   0.000   0.000     0.000 
  40).	    0.000   0.000  16.000     0.000 
  41).	    0.000   0.000   0.000     0.000 
  42).	    0.000   0.000   0.000     0.000 
  43).	    0.000   0.000   0.000     0.000 
  44).	    0.000   0.000   0.000     0.000 
  45).	    0.000   0.000   0.000     0.000 
  46).	    0.000  15.000   0.000     0.000 
  47).	    0.000   0.000   0.000     0.000 
  48).	    0.000   0.000   0.000     0.000 
  49).	    0.000   0.000   0.000     0.000 
  50).	    0.000   0.000  16.000     0.000 
  51).	    0.000   0.000   0.000     0.000 
  52).	    0.000   0.000   0.000     0.000 
  53).	    0.000   0.000   0.000     0.000 
  54).	   16.000   0.000   0.000     0.000 
  55).	    0.000   0.000   0.000     0.000 
  56).	    0.000   0.000   0.000    15.000 
  57).	    0.000   0.000   0.000     0.000 
  58).	    0.000   0.000   0.000     0.000 
  59).	   16.000   0.000   0.000     0.000 
  60).	    0.000   0.000   0.000     0.000 
  61).	    0.000  15.000   0.000     0.000 
  62).	    0.000   0.000   0.000     0.000 
  63).	    0.000  16.000   0.000     0.000 
  64).	    0.000   0.000   0.000     0.000 
  65).	   16.000   0.000   0.000     0.000 
  66).	    0.000   0.000   0.000    15.000 
  67).	    0.000   0.000   0.000     0.000 
  68).	    0.000  16.000   0.000     0.000 
  69).	    0.000   0.000   0.000    16.000 
  70).	    0.000   0.000   0.000     0.000 
  71).	    0.000  15.000   0.000     0.000 
  72).	    0.000   0.000  16.000     0.000 
  73).	    0.000   0.000  16.000     0.000 
  74).	   15.000   0.000   0.000     0.000 
  75).	    0.000  16.000   0.000     0.000 
  76).	    0.000  15.000   0.000     0.000 
  77).	    0.000  16.000   0.000     0.000 
  78).	    0.000  16.000   0.000     0.000 
  79).	    0.000  15.000   0.000     0.000 
  80).	   16.000   0.000   0.000     0.000 
  81).	   15.000   0.000   0.000    16.000 
  82).	    0.000   0.000  16.000     0.000 
  83).	    0.000  15.000   0.000     0.000 
  84).	    0.000  16.000   0.000     0.000 
  85).	   16.000   0.000   0.000    15.000 
  86).	    0.000   0.000  16.000     0.000 
  87).	    0.000  16.000   0.000     0.000 
  88).	   15.000   0.000   0.000    16.000 
  89).	    0.000  15.000   0.000     0.000 
  90).	   16.000   0.000   0.000    16.000 
  91).	    0.000  15.000   0.000     0.000 
  92).	   16.000   0.000  15.000     0.000 
  93).	    0.000  16.000   0.000    16.000 
  94).	    0.000   0.000  15.000     0.000 
  95).	   16.000   0.000  16.000     0.000 
  96).	   15.000   0.000  16.000     0.000 
  97).	    0.000  15.000   0.000    16.000 
  98).	    0.000  16.000   0.000    15.000 
  99).	    0.000  16.000   0.000    16.000 
  100).	    0.000  15.000   0.000    16.000 
  101).	   15.000   0.000  16.000     0.000 
  102).	   16.000   0.000  15.000     0.000 
  103).	   16.000  16.000   0.000    15.000 
  104).	    0.000  16.000   0.000    16.000 
  105).	   15.000   0.000  16.000     0.000 
  106).	   15.000  16.000   0.000    16.000 
  107).	   15.000   0.000  16.000    15.000 
  108).	    0.000  16.000  16.000     0.000 
  109).	   15.000  16.000   0.000    16.000 
  110).	   15.000   0.000  16.000    15.000 
  111).	    0.000  16.000  16.000    15.000 
  112).	    0.000  16.000  16.000     0.000 
  113).	   15.000  16.000  16.000    15.000 
  114).	    0.000  16.000  15.000    16.000 
  115).	    0.000  16.000  15.000    16.000 
  116).	   16.000   0.000  15.000    16.000 
  117).	   15.000  16.000  16.000     0.000 
  118).	   15.000  16.000  16.000    15.000 
  119).	   16.000  15.000   0.000    16.000 
  120).	   16.000  15.000  16.000    15.000 
  121).	   16.000  16.000  15.000    16.000 
  122).	   16.000  15.000  16.000     0.000 
  123).	   16.000  15.000  16.000    15.000 
  124).	   16.000  16.000  15.000    16.000 
  125).	   16.000  15.000  16.000    15.000 
  126).	   16.000  16.000  31.000    16.000 
  127).	   15.000  16.000  15.000    16.000 
  128).	   16.000  15.000  16.000    16.000 
  129).	   15.000  16.000  31.000    16.000 
  130).	   15.000  16.000  16.000    15.000 
  131).	   31.000  16.000  16.000    15.000 
  132).	   16.000  16.000  31.000    15.000 
  133).	   16.000  16.000  15.000    32.000 
  134).	   15.000  16.000  15.000    32.000 
  135).	   15.000  16.000  31.000    16.000 
  136).	   15.000  16.000  31.000    16.000 
  137).	   16.000  31.000  15.000    16.000 
  138).	   31.000  16.000  31.000    16.000 
  139).	   15.000  32.000  15.000    16.000 
  140).	   31.000  16.000  31.000    16.000 
  141).	   31.000  16.000  31.000    15.000 
  142).	   32.000  15.000  32.000    15.000 
  143).	   31.000  16.000  31.000    16.000 
  144).	   31.000  16.000  31.000    16.000 
  145).	   31.000  31.000  16.000    31.000 
  146).	   16.000  31.000  31.000    16.000 
  147).	   31.000  31.000  16.000    31.000 
  148).	   31.000  16.000  31.000    32.000 
  149).	   15.000  31.000  32.000    31.000 
  150).	   16.000  31.000  31.000    31.000 
  151).	   16.000  31.000  31.000    32.000 
  152).	   31.000  16.000  31.000    31.000 
  153).	   31.000  32.000  31.000    31.000 
  154).	   16.000  31.000  31.000    31.000 
  155).	   32.000  31.000  31.000    31.000 
  156).	   32.000  31.000  31.000    31.000 
  157).	   32.000  31.000  31.000    31.000 
  158).	   32.000  31.000  31.000    31.000 
  159).	   32.000  31.000  31.000    31.000 
  160).	   47.000  32.000  31.000    31.000 
  161).	   31.000  32.000  31.000    47.000 
  162).	   31.000  31.000  31.000    32.000 
  163).	   47.000  31.000  31.000    31.000 
  164).	   47.000  31.000  32.000    47.000 
  165).	   31.000  31.000  47.000    31.000 
  166).	   31.000  47.000  32.000    31.000 
  167).	   47.000  31.000  47.000    31.000 
  168).	   47.000  31.000  47.000    31.000 
  169).	   47.000  31.000  47.000    32.000 
  170).	   46.000  32.000  47.000    46.000 
  171).	   32.000  47.000  31.000    47.000 
  172).	   47.000  31.000  47.000    47.000 
  173).	   31.000  47.000  47.000    31.000 
  174).	   47.000  47.000  46.000    32.000 
  175).	   47.000  46.000  47.000    47.000 
  176).	   31.000  47.000  47.000    47.000 
  177).	   47.000  47.000  47.000    47.000 
  178).	   46.000  32.000  47.000    46.000 
  179).	   47.000  47.000  47.000    47.000 
  180).	   47.000  47.000  47.000    46.000 
  181).	   47.000  63.000  47.000    47.000 
  182).	   46.000  47.000  47.000    47.000 
  183).	   63.000  46.000  47.000    47.000 
  184).	   47.000  63.000  46.000    47.000 
  185).	   47.000  63.000  47.000    46.000 
  186).	   63.000  47.000  62.000    47.000 
  187).	   47.000  63.000  46.000    47.000 
  188).	   63.000  47.000  62.000    47.000 
  189).	   63.000  46.000  63.000    47.000 
  190).	   62.000  63.000  47.000    62.000 
  191).	   47.000  63.000  62.000    47.000 
  192).	   62.000  63.000  47.000    62.000 
  193).	   63.000  62.000  47.000    63.000 
  194).	   62.000  63.000  47.000    62.000 
  195).	   63.000  62.000  63.000    46.000 
  196).	   63.000  62.000  63.000    73.000 
  197).	   63.000  62.000  63.000    62.000 
  198).	   63.000  62.000  63.000    62.000 
  199).	   63.000  62.000  63.000    62.000 
  200).	   78.000  63.000  62.000    63.000 
  201).	   78.000  63.000  62.000    63.000 
  202).	   78.000  62.000  63.000    78.000 
  203).	   62.000  63.000  78.000    62.000 
  204).	   63.000  78.000  63.000    78.000 
  205).	   62.000  78.000  63.000    62.000 
  206).	   78.000  63.000  78.000    78.000 
  207).	   63.000  78.000  62.000    78.000 
  208).	   79.000  62.000  78.000    78.000 
  209).	   78.000  63.000  78.000    78.000 
  210).	   78.000  78.000  63.000    78.000 
  211).	   78.000  78.000  78.000    79.000 
  212).	   78.000  78.000  62.000    79.000 
  213).	   78.000  78.000  78.000    78.000 
  214).	   94.000  78.000  78.000    78.000 
  215).	   78.000  78.000  79.000    93.000 
  216).	   78.000  79.000  78.000    78.000 
  217).	   94.000  78.000  78.000    94.000 
  218).	   78.000  78.000  94.000    78.000 
  219).	   93.000  79.000  78.000    93.000 
  220).	   79.000  93.000  78.000    94.000 
  221).	   94.000  78.000  94.000    94.000 
  222).	   78.000  93.000  94.000    78.000 
  223).	   94.000  94.000  78.000    94.000 
  224).	   93.000  94.000  94.000    94.000 
  225).	   78.000  94.000  93.000    94.000 
  226).	   94.000  94.000  93.000    94.000 
  227).	   94.000  94.000 109.000    94.000 
  228).	   93.000  94.000  94.000    94.000 
  229).	   93.000 110.000  94.000    93.000 
  230).	   94.000 109.000  94.000    94.000 
  231).	  109.000  94.000 109.000    94.000 
  232).	  110.000  93.000 110.000    93.000 
  233).	  110.000 109.000  94.000   109.000 
  234).	   94.000 109.000 110.000    94.000 
  235).	  109.000 109.000  94.000   109.000 
  236).	  110.000 109.000 110.000    93.000 
  237).	  110.000 109.000 109.000   110.000 
  238).	  109.000 110.000 109.000   109.000 
  239).	  110.000 109.000 109.000   125.000 
  240).	  110.000 109.000 110.000   109.000 
  241).	  125.000 109.000 110.000   109.000 
  242).	  125.000 109.000 110.000   125.000 
  243).	  109.000 125.000 110.000   109.000 
  244).	  125.000 109.000 125.000   110.000 
  245).	  125.000 125.000 109.000   125.000 
  246).	  125.000 109.000 125.000   125.000 
  247).	  125.000 125.000 110.000   125.000 
  248).	  125.000 125.000 125.000   125.000 
  249).	  125.000 125.000 125.000   125.000 
  250).	  125.000 125.000 140.000   125.000 
  251).	  125.000 126.000 125.000   125.000 
  252).	  140.000 125.000 125.000   125.000 
  253).	  141.000 125.000 140.000   125.000 
  254).	  125.000 141.000 125.000   141.000 
  255).	  125.000 140.000 141.000   125.000 
  256).	  141.000 140.000 125.000   141.000 
  257).	  140.000 141.000 125.000   141.000 
  258).	  140.000 141.000 141.000   140.000 
  259).	  141.000 140.000 141.000   141.000 
  260).	  140.000 141.000 141.000   140.000 
  261).	  141.000 156.000 141.000   140.000 
  262).	  157.000 140.000 141.000   140.000 
  263).	  157.000 156.000 156.000   141.000 
  264).	  156.000 141.000 156.000   141.000 
  265).	  156.000 156.000 141.000   156.000 
  266).	  156.000 156.000 157.000   156.000 
  267).	  156.000 156.000 157.000   156.000 
  268).	  187.000 172.000 203.000   172.000 
  269).	  157.000 156.000 156.000   156.000 
  270).	  172.000 172.000 156.000   157.000 
  271).	  171.000 219.000 172.000   156.000 
  272).	  172.000 156.000 172.000   157.000 
  273).	  171.000 157.000 172.000   156.000 
  274).	  172.000 156.000 187.000   172.000 
  275).	  172.000 172.000 156.000   172.000 
  276).	  172.000 172.000 172.000   187.000 
  277).	  172.000 172.000 172.000   188.000 
  278).	  171.000 172.000 188.000   172.000 
  279).	  172.000 187.000 203.000   188.000 
  280).	  187.000 172.000 188.000   171.000 
  281).	  188.000 187.000 188.000   187.000 
  282).	  172.000 188.000 187.000   219.000 
  283).	  188.000 187.000 188.000   187.000 
  284).	  188.000 187.000 188.000   187.000 
  285).	  188.000 203.000 187.000   188.000 
  286).	  187.000 188.000 187.000   188.000 
  287).	  203.000 187.000 188.000   187.000 
  288).	  203.000 188.000 187.000   204.000 
  289).	  187.000 203.000 188.000   203.000 
  290).	  187.000 203.000 204.000   187.000 
  291).	  203.000 203.000 203.000   204.000 
  292).	  203.000 203.000 187.000   204.000 
  293).	  218.000 203.000 203.000   219.000 
  294).	  235.000 203.000 203.000   219.000 
  295).	  203.000 219.000 203.000   203.000 
  296).	  219.000 281.000 219.000   218.000 
  297).	  203.000 219.000 203.000   219.000 
  298).	  203.000 219.000 219.000   203.000 
  299).	  219.000 218.000 219.000   219.000 
  300).	  219.000 218.000 219.000   219.000 
