  1).	        0.000 	    90000.000
  2).	        0.000 	    45000.000
  3).	        0.000 	    26666.667
  4).	        0.000 	    20000.000
  5).	        0.000 	    16000.000
  6).	        0.000 	    15000.000
  7).	        0.000 	    11428.571
  8).	        0.000 	    11250.000
  9).	        0.000 	     8888.889
  10).	        0.000 	     8000.000
  11).	        0.000 	     7272.727
  12).	        0.000 	     6666.667
  13).	        0.000 	     6153.846
  14).	        0.000 	     5714.286
  15).	        0.000 	     6000.000
  16).	        0.000 	     5625.000
  17).	        0.000 	     5294.118
  18).	        0.000 	     4444.444
  19).	        0.000 	     4736.842
  20).	        0.000 	     4000.000
  21).	        0.000 	     4285.714
  22).	        0.000 	     4090.909
  23).	        0.000 	     3913.043
  24).	        0.000 	     3333.333
  25).	        0.000 	     3600.000
  26).	        0.000 	     3076.923
  27).	        0.000 	     3333.333
  28).	        0.000 	     2857.143
  29).	        0.000 	     3103.448
  30).	        0.000 	     2666.667
  31).	        0.000 	     2903.226
  32).	        0.000 	     2500.000
  33).	        0.000 	     2424.242
  34).	        0.000 	     2647.059
  35).	        0.000 	     2285.714
  36).	        0.000 	     2500.000
  37).	        0.000 	     2432.432
  38).	        0.000 	     2105.263
  39).	        0.000 	     2051.282
  40).	        0.000 	     2000.000
  41).	        0.000 	     1951.220
  42).	        0.000 	     1904.762
  43).	        0.000 	     2093.023
  44).	        0.000 	     1818.182
  45).	        0.000 	     2000.000
  46).	        0.000 	     1956.522
  47).	        0.000 	     1702.128
  48).	        0.000 	     1875.000
  49).	        0.000 	     1632.653
  50).	        0.000 	     1800.000
  51).	        0.000 	     1764.706
  52).	        0.000 	     1538.462
  53).	        0.000 	     1509.434
  54).	        0.000 	     1481.481
  55).	        0.000 	     1454.545
  56).	        0.000 	     1607.143
  57).	        0.000 	     1403.509
  58).	        0.000 	     1551.724
  59).	        0.000 	     1355.932
  60).	        0.000 	     1500.000
  61).	        0.000 	     1311.475
  62).	        0.000 	     1451.613
  63).	        0.000 	     1269.841
  64).	        0.000 	     1250.000
  65).	        0.000 	     1384.615
  66).	        0.000 	     1363.636
  67).	        0.000 	     1194.030
  68).	        0.000 	     1176.471
  69).	        0.000 	     1304.348
  70).	        0.000 	     1142.857
  71).	        0.000 	     1126.761
  72).	        0.000 	     1250.000
  73).	        0.000 	     1095.890
  74).	        0.000 	     1216.216
  75).	        0.000 	     1066.667
  76).	        0.000 	     1052.632
  77).	        0.000 	     1168.831
  78).	        0.000 	     1025.641
  79).	        0.000 	     1139.241
  80).	        0.000 	     1125.000
  81).	        0.000 	      987.654
  82).	        0.000 	      975.610
  83).	        0.000 	      963.855
  84).	        0.000 	      952.381
  85).	        0.000 	     1058.824
  86).	        0.000 	      930.233
  87).	        0.000 	     1034.483
  88).	        0.000 	      909.091
  89).	        0.000 	      898.876
  90).	        0.000 	     1000.000
  91).	        0.000 	      879.121
  92).	        0.000 	      978.261
  93).	        0.000 	      860.215
  94).	        0.000 	      957.447
  95).	        0.000 	      947.368
  96).	        0.000 	      833.333
  97).	        0.000 	      927.835
  98).	        0.000 	      816.327
  99).	        0.000 	      808.081
  100).	        0.000 	      900.000
  101).	        0.000 	      891.089
  102).	        0.000 	      784.314
  103).	        0.000 	      873.786
  104).	        0.000 	      769.231
  105).	        0.000 	      761.905
  106).	        0.000 	      754.717
  107).	        0.000 	      841.121
  108).	        0.000 	      833.333
  109).	        0.000 	      733.945
  110).	        0.000 	      727.273
  111).	        0.000 	      810.811
  112).	        0.000 	      714.286
  113).	        0.000 	      707.965
  114).	        0.000 	      789.474
  115).	        0.000 	      782.609
  116).	        0.000 	      689.655
  117).	        0.000 	      769.231
  118).	        0.000 	      677.966
  119).	        0.000 	      672.269
  120).	        0.000 	      750.000
  121).	        0.000 	      661.157
  122).	        0.000 	      737.705
  123).	        0.000 	      650.407
  124).	        0.000 	      725.806
  125).	        0.000 	      640.000
  126).	        0.000 	      634.921
  127).	        0.000 	      629.921
  128).	        0.000 	      625.000
  129).	        0.000 	      697.674
  130).	        0.000 	      615.385
  131).	        0.000 	      687.023
  132).	        0.000 	      606.061
  133).	        0.000 	      601.504
  134).	        0.000 	      671.642
  135).	        0.000 	      592.593
  136).	        0.000 	      588.235
  137).	        0.000 	      583.942
  138).	        0.000 	      579.710
  139).	        0.000 	      575.540
  140).	        0.000 	      571.429
  141).	        0.000 	      567.376
  142).	        0.000 	      633.803
  143).	        0.000 	      559.441
  144).	        0.000 	      555.556
  145).	        0.000 	      551.724
  146).	        0.000 	      547.945
  147).	        0.000 	      544.218
  148).	        0.000 	      540.541
  149).	        0.000 	      536.913
  150).	        0.000 	      600.000
  151).	        0.000 	      529.801
  152).	        0.000 	      526.316
  153).	        0.000 	      522.876
  154).	        0.000 	      519.481
  155).	        0.000 	      516.129
  156).	        0.000 	      512.821
  157).	        0.000 	      573.248
  158).	        0.000 	      506.329
  159).	        0.000 	      503.145
  160).	        0.000 	      500.000
  161).	        0.000 	      496.894
  162).	        0.000 	      493.827
  163).	        0.000 	      490.798
  164).	        0.000 	      487.805
  165).	        0.000 	      484.848
  166).	        0.000 	      542.169
  167).	        0.000 	      479.042
  168).	        0.000 	      476.190
  169).	        0.000 	      473.373
  170).	        0.000 	      470.588
  171).	        0.000 	      467.836
  172).	        0.000 	      465.116
  173).	        0.000 	      462.428
  174).	        0.000 	      459.770
  175).	        0.000 	      514.286
  176).	        0.000 	      454.545
  177).	        0.000 	      451.977
  178).	        0.000 	      505.618
  179).	        0.000 	      446.927
  180).	        0.000 	      500.000
  181).	        0.000 	      441.989
  182).	        0.000 	      439.560
  183).	        0.000 	      491.803
  184).	        0.000 	      434.783
  185).	        0.000 	      432.432
  186).	        0.000 	      430.108
  187).	        0.000 	      481.283
  188).	        0.000 	      425.532
  189).	        0.000 	      423.280
  190).	        0.000 	      421.053
  191).	        0.000 	      418.848
  192).	        0.000 	      416.667
  193).	        0.000 	      414.508
  194).	        0.000 	      463.918
  195).	        0.000 	      410.256
  196).	        0.000 	      408.163
  197).	        0.000 	      406.091
  198).	        0.000 	      404.040
  199).	        0.000 	      452.261
  200).	        0.000 	      400.000
  201).	        0.000 	      398.010
  202).	        0.000 	      396.040
  203).	        0.000 	      394.089
  204).	        0.000 	      392.157
  205).	        0.000 	      390.244
  206).	        0.000 	      388.350
  207).	        0.000 	      386.473
  208).	        0.000 	      432.692
  209).	        0.000 	      382.775
  210).	        0.000 	      380.952
  211).	        0.000 	      379.147
  212).	        0.000 	      377.358
  213).	        0.000 	      375.587
  214).	        0.000 	      373.832
  215).	        0.000 	      372.093
  216).	        0.000 	      416.667
  217).	        0.000 	      368.664
  218).	        0.000 	      366.972
  219).	        0.000 	      410.959
  220).	        0.000 	      363.636
  221).	        0.000 	      407.240
  222).	        0.000 	      360.360
  223).	        0.000 	      358.744
  224).	        0.000 	      401.786
  225).	        0.000 	      355.556
  226).	        0.000 	      353.982
  227).	        0.000 	      352.423
  228).	        0.000 	      350.877
  229).	        0.000 	      349.345
  230).	        0.000 	      391.304
  231).	        0.000 	      346.320
  232).	        0.000 	      344.828
  233).	        0.000 	      343.348
  234).	        0.000 	      341.880
  235).	        0.000 	      340.426
  236).	        0.000 	      338.983
  237).	        0.000 	      337.553
  238).	        0.000 	      378.151
  239).	        0.000 	      334.728
  240).	        0.000 	      333.333
  241).	        0.000 	      331.950
  242).	        0.000 	      330.579
  243).	        0.000 	      329.218
  244).	        0.000 	      327.869
  245).	        0.000 	      326.531
  246).	        0.000 	      325.203
  247).	        0.000 	      364.372
  248).	        0.000 	      322.581
  249).	        0.000 	      321.285
  250).	        0.000 	      360.000
  251).	        0.000 	      318.725
  252).	        0.000 	      317.460
  253).	        0.000 	      316.206
  254).	        0.000 	      314.961
  255).	        0.000 	      313.725
  256).	        0.000 	      351.562
  257).	        0.000 	      311.284
  258).	        0.000 	      310.078
  259).	        0.000 	      308.880
  260).	        0.000 	      307.692
  261).	        0.000 	      306.513
  262).	        0.000 	      305.344
  263).	        0.000 	      304.183
  264).	        0.000 	      340.909
  265).	        0.000 	      301.887
  266).	        0.000 	      300.752
  267).	        0.000 	      299.625
  268).	        0.000 	      298.507
  269).	        0.000 	      297.398
  270).	        0.000 	      296.296
  271).	        0.000 	      295.203
  272).	        0.000 	      330.882
  273).	        0.000 	      293.040
  274).	        0.000 	      328.467
  275).	        0.000 	      290.909
  276).	        0.000 	      289.855
  277).	        0.000 	      324.910
  278).	        0.000 	      287.770
  279).	        0.000 	      286.738
  280).	        0.000 	      321.429
  281).	        0.000 	      284.698
  282).	        0.000 	      283.688
  283).	        0.000 	      282.686
  284).	        0.000 	      281.690
  285).	        0.000 	      280.702
  286).	        0.000 	      279.720
  287).	        0.000 	      313.589
  288).	        0.000 	      277.778
  289).	        0.000 	      276.817
  290).	        0.000 	      275.862
  291).	        0.000 	      274.914
  292).	        0.000 	      273.973
  293).	        0.000 	      273.038
  294).	        0.000 	      272.109
  295).	        0.000 	      305.085
  296).	        0.000 	      270.270
  297).	        0.000 	      269.360
  298).	        0.000 	      302.013
  299).	        0.000 	      267.559
  300).	        0.000 	      300.000
